   1.0000000e+00  -5.6110490e+00
   1.2000000e+00  -3.2743012e+00
   1.4000000e+00  -1.0760457e+00
   1.6000000e+00   9.8670303e-01
   1.8000000e+00   2.9169305e+00
   2.0000000e+00   4.7176224e+00
   2.2000000e+00   6.3917641e+00
   2.4000000e+00   7.9423413e+00
   2.6000000e+00   9.3723394e+00
   2.8000000e+00   1.0684744e+01
   3.0000000e+00   1.1882541e+01
   3.2000000e+00   1.2968715e+01
   3.4000000e+00   1.3946253e+01
   3.6000000e+00   1.4818139e+01
   3.8000000e+00   1.5587359e+01
   4.0000000e+00   1.6256900e+01
   4.2000000e+00   1.6829745e+01
   4.4000000e+00   1.7308882e+01
   4.6000000e+00   1.7697295e+01
   4.8000000e+00   1.7997970e+01
   5.0000000e+00   1.8213893e+01
   5.2000000e+00   1.8348048e+01
   5.4000000e+00   1.8403423e+01
   5.6000000e+00   1.8383001e+01
   5.8000000e+00   1.8289770e+01
   6.0000000e+00   1.8126713e+01
   6.2000000e+00   1.7896818e+01
   6.4000000e+00   1.7603069e+01
   6.6000000e+00   1.7248451e+01
   6.8000000e+00   1.6835952e+01
   7.0000000e+00   1.6368555e+01
   7.2000000e+00   1.5849247e+01
   7.4000000e+00   1.5281013e+01
   7.6000000e+00   1.4666838e+01
   7.8000000e+00   1.4009709e+01
   8.0000000e+00   1.3312611e+01
   8.2000000e+00   1.2578529e+01
   8.4000000e+00   1.1810448e+01
   8.6000000e+00   1.1011356e+01
   8.8000000e+00   1.0184236e+01
   9.0000000e+00   9.3320746e+00
   9.2000000e+00   8.4578573e+00
   9.4000000e+00   7.5645697e+00
   9.6000000e+00   6.6551972e+00
   9.8000000e+00   5.7327254e+00
   1.0000000e+01   4.8001399e+00
   1.0200000e+01   3.8604261e+00
   1.0400000e+01   2.9165697e+00
   1.0600000e+01   1.9715562e+00
   1.0800000e+01   1.0283711e+00
   1.1000000e+01   9.0000000e-02
   1.1200000e+01  -8.4057156e-01
   1.1400000e+01  -1.7603580e+00
   1.1600000e+01  -2.6663739e+00
   1.1800000e+01  -3.5556336e+00
   1.2000000e+01  -4.4251515e+00
   1.2200000e+01  -5.2719422e+00
   1.2400000e+01  -6.0930200e+00
   1.2600000e+01  -6.8853995e+00
   1.2800000e+01  -7.6460951e+00
   1.3000000e+01  -8.3721212e+00
   1.3200000e+01  -9.0604923e+00
   1.3400000e+01  -9.7082228e+00
   1.3600000e+01  -1.0312327e+01
   1.3800000e+01  -1.0869820e+01
   1.4000000e+01  -1.1377716e+01
   1.4200000e+01  -1.1833028e+01
   1.4400000e+01  -1.2232773e+01
   1.4600000e+01  -1.2573964e+01
   1.4800000e+01  -1.2853615e+01
   1.5000000e+01  -1.3068741e+01
   1.5200000e+01  -1.3216357e+01
   1.5400000e+01  -1.3293477e+01
   1.5600000e+01  -1.3297115e+01
   1.5800000e+01  -1.3224286e+01
   1.6000000e+01  -1.3072005e+01
   1.6200000e+01  -1.2837285e+01
   1.6400000e+01  -1.2517141e+01
   1.6600000e+01  -1.2108588e+01
   1.6800000e+01  -1.1608641e+01
   1.7000000e+01  -1.1014312e+01
   1.7200000e+01  -1.0322618e+01
   1.7400000e+01  -9.5305725e+00
   1.7600000e+01  -8.6351897e+00
   1.7800000e+01  -7.6334844e+00
   1.8000000e+01  -6.5224709e+00
   1.8200000e+01  -5.2991636e+00
   1.8400000e+01  -3.9605772e+00
   1.8600000e+01  -2.5037259e+00
   1.8800000e+01  -9.2562424e-01
   1.9000000e+01   7.7671329e-01
   1.9200000e+01   2.6062723e+00
   1.9400000e+01   4.5660382e+00
   1.9600000e+01   6.6589967e+00
   1.9800000e+01   8.8881333e+00
   2.0000000e+01   1.1256434e+01
